20418
50922
57941
29336
15858
64110
49730
48851
14623
14969
50677
6534
363
47779
37347
7337
27584
58819
60116
37461
15521
3622
23786
63306
22425
38720
56964
17250
13829
770
24351
34866
47566
6629
46229
15708
46286
44081
40259
49578
28898
53557
881
36354
18616
46686
30917
21958
60167
61599
5881
15794
15063
18071
57488
63709
17579
17815
8311
59794
25345
57242
38183
60222
12898
18462
53917
41546
14007
19069
53618
45153
16050
10674
10154
62877
26532
34759
44271
48102
47481
59084
1787
53074
20750
40533
46879
50947
62443
62310
7821
11335
17606
46480
40818
29518
2394
63292
35903
28825
33163
18638
14341
55801
33350
12978
57822
36909
15833
27121
50412
43248
38003
37274
42566
7970
48032
63885
21736
31077
40955
9541
46360
52707
51805
29490
54199
7626
52880
48023
50656
51931
30348
27812
41327
48954
26488
36110
62118
541
58996
12061
48503
50386
32746
34789
19770
14702
36284
57813
65322
43395
11481
37593
29131
38267
62030
38277
26929
5969
16466
15915
35970
11075
13947
8337
24585
55572
59901
48613
30529
57073
32097
9225
28515
30244
18278
46213
27580
63391
2045
49601
21828
38294
3617
18825
17797
32222
39550
33818
15623
39133
65249
17287
30412
45286
21172
47181
28607
14338
48673
25041
41440
40131
39346
1097
17034
19403
1020
64960
16568
8707
17411
20849
46809
23669
53822
4141
58138
36247
17667
15833
5053
64997
34020
5060
21269
13816
37698
9672
47800
31855
7809
57623
24301
28875
64763
32658
40370
57240
10054
36283
7858
39561
46351
46120
1790
53876
53932
35781
19230
55274
20998
55002
55190
37757
58601
50034
41582
44821
53760
40761
64255
43026
65219
9435
26455
38110
63404
53265
37751
45549
35682
15343
48459
4233
64924
50905
19552
28488
35115
42277
1197
9948
11926
18226
21508
41084
52185
56718
24749
21376
27313
46647
47408
18516
9043
52559
16349
30192
619
57785
19514
32348
2022
38810
6095
48512
39417
8126
44658
54502
2558
44969
33594
52785
63619
2761
60943
9882
18552
61041
39283
3682
49174
24514
59422
31154
40473
26856
42324
19350
3179
35481
44293
35148
3038
4908
22715
43735
57314
16103
20372
28523
8996
53484
14672
10097
5949
4647
55743
56469
55257
28612
19005
47379
22030
27996
40321
17438
12343
11406
58868
39050
65229
21547
47994
26265
48325
53443
21065
161
54044
28619
33855
44535
41105
10609
55398
14054
18857
33869
19592
57679
14044
38258
4454
40532
170
63256
26526
53344
4289
44240
42915
5161
62706
21927
16056
47415
6783
36755
1020
56672
20239
56285
59182
21650
13670
15965
15780
63906
43261
53632
11442
42997
30887
31639
10809
50839
43085
13997
49136
63098
39032
6164
39740
31993
43481
40790
7498
27603
43091
14942
44326
14023
1373
19996
51848
26384
35377
9251
35754
56447
8344
38687
48579
40223
57887
13686
13811
36160
8898
21383
6869
42249
21122
29129
40155
54313
39546
46816
63501
57974
6882
38628
60532
17273
53632
10149
34315
11505
61473
59965
61794
56355
56032
54389
51692
1263
2660
15721
20947
65250
41303
40921
5173
41384
61990
20123
49446
33300
23837
42150
33310
42280
35624
38485
27769
60878
57697
1351
8756
52802
14659
51157
40386
52733
8983
61575
51310
37433
49226
50644
64035
32905
13303
50864
14636
8783
44422
37283
53144
58305
44472
4619
5567
910
44656
50884
40246
53138
13043
38418
57450
2432
13754
35198
24731
21069
15418
4332
33032
13983
13521
27411
14910
16373
57667
27397
61112
49080
32086
43674
43466
49511
44867
63691
1605
12689
37711
26008
64166
14028
59086
8939
8234
33403
22014
49124
30817
61218
44247
16795
44128
43959
60067
50804
43424
60641
54192
47055
62815
16579
49564
54539
8125
11760
57882
25421
12034
23804
25503
37629
24646
45947
59336
18205
8495
10808
61965
12159
3318
54368
32746
60863
4459
13611
60041
25122
46571
15170
7067
24849
2520
48848
52066
55428
45351
20343
20301
48627
16171
15393
43899
9817
59809
44633
26509
23022
8857
16335
46511
320
55155
51387
64179
10630
40924
7132
48363
36375
47603
44681
34408
38389
8892
41771
52088
51658
48055
37070
26886
14701
17095
38264
42293
41916
57303
34976
45118
2347
24351
27220
45481
13386
30451
49089
18326
19702
1927
25092
43077
38420
25033
11752
2714
25556
52007
64869
42537
19722
38501
48125
8151
48651
59541
16452
2640
53842
13354
50377
51974
42175
26160
27570
37370
53407
62043
39127
38383
24510
19666
12374
46243
55438
56260
57743
18667
2638
6759
45758
11254
55560
6583
32199
44317
61457
1274
7732
59776
29651
1929
47183
31672
39749
21027
60563
30997
23253
59175
34622
12015
54793
55832
31779
62491
16033
22153
55540
41579
49244
51367
1664
14160
31574
5393
53800
37460
50435
53733
36354
414
40188
48917
18032
4452
42902
23393
57660
23
2247
58674
41743
65399
7757
36378
26235
36936
38145
19482
64016
25493
27230
57494
64358
12116
40324
12535
55773
19831
10752
27584
55068
8610
12024
9647
9201
35832
12128
18569
1908
56329
14149
30593
9031
5871
32801
18277
54351
7360
17903
6618
47522
33900
49457
36369
3580
28545
19282
48736
39135
16980
15114
2901
3645
3489
61913
6785
9182
38611
21171
15267
64869
43027
41161
23050
49344
39715
52236
27836
49039
44692
62506
26011
7285
32147
27199
35281
51200
5239
31199
62200
7658
22760
35681
31932
62231
26820
53253
19592
3407
55395
11415
23617
29051
21687
54567
23684
49719
45337
23640
62082
49493
14533
30430
53160
33180
45675
32915
41487
44229
44460
53216
4720
37629
53436
65230
21311
18160
9284
45740
33567
31268
5822
50332
57007
60233
48144
29250
29227
12622
56048
59108
23846
21758
44480
46745
29134
46521
61478
3814
57397
65176
21545
28369
1219
46813
51515
46075
23115
7238
62305
32568
62341
16079
45374
12653
59420
44396
56068
40376
28301
47244
19128
40951
16523
21585
26072
60222
43875
53050
33256
64185
52096
56603
42564
15651
55684
16277
65294
32704
50005
40817
17502
46527
9069
56079
61205
27746
53187
12391
12166
16284
61268
43618
43593
11791
48244
11422
19136
47858
47702
21410
23005
57439
18609
15535
10328
12658
47142
42492
15989
31095
37062
55364
15997
12405
55427
29622
41711
22032
15635
46733
48073
32288
62223
45355
55329
61111
30187
19685
18436
47637
41270
9667
53077
24596
38580
14031
